00110100000000100000000000000000
00110100000000110000000000000000
00111100000101110111111111111111
00110110111101111111111111111111
10001100100100000000000000000000
10001100100100010000000000000100
10001100100100100000000000001000
10001100100100110000000000001100
00100000000001010000000000010000
01110010000100010011000000000010
00000000000001100011000010000000
00000000101001100011000000100000
00000010001100111010000000100010
00000010000100101010100000100010
00100000000110010000000000000000
00100000000110000000000000000000
00100000101010000000000000000000
00100000101100000000000000000000
00000000000100111011000010000000
00110100000011010000000000000000
00100000110010010000000000000000
11001101001010110000000000000000
11001101000010100000000000000000
11001101001011100000000000010000
11001101000011000000000100000000
00000001010010110111100000111111
00000001101011110110100000100000
00000001100011100111100000111111
00000001101011110110100000100000
11001101001010110000000000100000
11001101000010100000001000000000
11001101001011100000000000110000
11001101000011000000001100000000
00000001010010110111100000111111
00000001101011110110100000100000
00000001100011100111100000111111
00000001101011110110100000100000
00000010111011010101000000101010
00010101010000000000000000000011
00100001101101110000000000000000
00100011001000100000000000000000
00100011000000110000000000000000
00010111000101000000000000000010
00010111001101010000000000000001
00001000000000000000000000110111
00010011000101000000000000000100
00100011000110000000000000000001
00100010000100000000000000000100
00100010000010000000000000000000
00001000000000000000000000010011
00100011001110010000000000000001
00100000000110000000000000000000
00000010000101101000000000100000
00100010000010000000000000000000
00001000000000000000000000010011
00001000000000000000000000111000
00001000000000000000000000110111
