00110100000000100000000000000000
00110100000000110000000000000000
00111100000101110111111111111111
00110110111101111111111111111111
10001100100100000000000000000000
10001100100100010000000000000100
10001100100100100000000000001000
10001100100100110000000000001100
00100000000001010000000000010000
01110010000100010011000000000010
00000000000001100011000010000000
00000000101001100011000000100000
00000000000100011011000010000000
01110010010100110011100000000010
00000000000001110011100010000000
00000000111001100011100000100000
00100000111001111111111111111100
00000010001100110010000000100010
00100000100001000000000000000001
00000000000001000010000010000000
00000010001100111010000000100010
00000010000100101010100000100010
00100000000110010000000000000000
00100000000110000000000000000000
00100000101010000000000000000000
00000000000100100111000010000000
00000001110010000111000000100000
00100001110011101111111111111100
00100000101100000000000000000000
00110100000011010000000000000000
00100000110010010000000000000000
00100010011010101111111111111111
00000000000010100101000010000000
00000001000010100111000000100000
10001101000010100000000000000000
10001101001010110000000000000000
00000001010010110110000000100010
00000101100000010000000000000010
00000001100000000110000000100111
00100001100011000000000000000001
00000001101011000110100000100000
00010001001001110000000000001000
00010001000011100000000000000011
00100001000010000000000000000100
00100001001010010000000000000100
00001000000000000000000000100010
00000001000001000100000000100000
00100001001010010000000000000100
00000001110101100111000000100000
00001000000000000000000000100010
00000010111011010101000000101010
00010101010000000000000000000011
00100001101101110000000000000000
00100011001000100000000000000000
00100011000000110000000000000000
00010111000101000000000000000010
00010111001101010000000000000001
00001000000000000000000001000101
00010011000101000000000000000100
00100011000110000000000000000001
00100010000100000000000000000100
00100010000010000000000000000000
00001000000000000000000000011101
00100011001110010000000000000001
00100000000110000000000000000000
00000000000100110101000010000000
00000010000010101000000000100000
00100010000010000000000000000000
00001000000000000000000000011101
00001000000000000000000001000110
00001000000000000000000001000101
